# Blender 4.1.1
# www.blender.org
mtllib clearPlayerModel.mtl
o テキスト.020
v 0.071614 0.134365 -0.393996
v -0.067249 0.117910 -0.374587
v 0.120487 0.082244 -0.088503
v -0.018375 0.065790 -0.069094
v 0.068801 0.164739 -0.388363
v -0.070061 0.148284 -0.368955
v 0.113233 0.160599 -0.073974
v -0.025630 0.144143 -0.054566
v -0.055586 0.312106 -0.279257
v -0.055428 0.310477 -0.269099
v -0.056805 0.336342 -0.275353
v -0.080132 0.310842 -0.279077
v -0.081351 0.335078 -0.275173
v -0.079973 0.309214 -0.268918
v -0.081192 0.333450 -0.265014
v -0.056646 0.334714 -0.265195
v -0.166621 0.252850 -0.156830
v -0.192739 0.377933 -0.162886
v -0.320917 0.216394 -0.244377
v -0.382600 0.208927 -0.132556
v -0.228303 0.245383 -0.045009
v -0.347035 0.341476 -0.250432
v -0.254422 0.370466 -0.051065
v -0.408718 0.334010 -0.138611
v -0.237167 0.451967 0.128103
v -0.242898 0.510750 -0.238571
v -0.218749 0.085745 0.069104
v 0.133732 0.471060 0.125367
v -0.224480 0.144529 -0.297570
v 0.146419 0.163623 -0.300306
v 0.128001 0.529843 -0.241307
v 0.152150 0.104839 0.066368
v 0.027994 0.084713 -0.420140
v -0.200398 0.048678 -0.165386
v -0.065661 0.043423 -0.123569
v 0.027876 0.115442 -0.415900
v -0.106743 0.089969 -0.461957
v -0.106860 0.120697 -0.457717
v -0.065965 0.122691 -0.112628
v -0.200702 0.127945 -0.154446
v 0.261189 0.249090 -0.187684
v 0.086623 0.253964 -0.139688
v 0.119897 0.238665 -0.017117
v 0.268542 0.376050 -0.173834
v 0.294462 0.233792 -0.065115
v 0.093976 0.380922 -0.125836
v 0.301815 0.360751 -0.051264
v 0.127250 0.365623 -0.003267
v -0.108906 0.379390 -0.267637
v -0.108747 0.377762 -0.257479
v -0.113212 0.464997 -0.253846
v -0.133452 0.378127 -0.267457
v -0.133293 0.376499 -0.257298
v -0.137757 0.463734 -0.253665
v -0.137599 0.462105 -0.243507
v -0.113053 0.463369 -0.243689
v 0.031656 0.388052 -0.268446
v 0.031815 0.386422 -0.258288
v 0.032356 0.473339 -0.254785
v 0.007081 0.388188 -0.268040
v 0.007240 0.386560 -0.257882
v 0.007781 0.473475 -0.254379
v 0.007940 0.471847 -0.244220
v 0.032516 0.471710 -0.244626
vn -0.1558 0.1661 -0.9737
vn 0.0907 -0.9792 -0.1816
vn 0.9836 0.1166 -0.1375
vn -0.9836 -0.1166 0.1375
vn -0.1136 0.9931 0.0291
vn 0.1558 -0.1661 0.9737
vn 0.0496 -0.9861 -0.1589
vn 0.9987 0.0514 -0.0073
vn -0.0154 0.1583 -0.9873
vn -0.9987 -0.0514 0.0074
vn 0.0154 -0.1583 0.9873
vn -0.0496 0.9861 0.1588
vn 0.4822 0.0584 -0.8741
vn 0.8519 0.2013 0.4834
vn 0.2042 -0.9778 0.0473
vn -0.2042 0.9778 -0.0473
vn -0.8519 -0.2013 -0.4834
vn -0.4822 -0.0584 0.8741
vn -0.0496 0.9861 0.1589
vn 0.9987 0.0514 -0.0074
vn 0.0038 -0.9906 -0.1367
vn 0.9544 -0.0372 0.2962
vn 0.2985 0.1316 -0.9453
vn -0.9544 0.0372 -0.2962
vn 0.0423 0.9990 -0.0108
vn -0.2985 -0.1316 0.9453
vn -0.2601 0.1196 -0.9581
vn -0.0575 -0.9925 -0.1083
vn 0.9639 -0.0269 -0.2650
vn -0.9639 0.0269 0.2650
vn 0.0575 0.9925 0.1083
vn 0.2601 -0.1196 0.9581
vn 0.0496 -0.9861 -0.1588
vn -0.9987 -0.0514 0.0073
vn -0.0081 -0.9874 -0.1582
vn 0.9998 -0.0056 -0.0165
vn -0.9998 0.0056 0.0165
vn 0.0081 0.9874 0.1582
vt 0.917969 0.648437
vt 0.893450 0.917969
vt 0.918910 0.917969
vt 0.918910 0.943429
vt 0.893450 0.943429
vt 0.918910 0.867047
vt 0.944371 0.867047
vt 0.944371 0.892508
vt 0.918910 0.892508
vt 0.944371 0.943429
vt 0.944371 0.968890
vt 0.918910 0.968890
vt 0.944371 0.917969
vt 0.769721 0.883191
vt 0.859186 0.883191
vt 0.859186 0.972656
vt 0.769721 0.972656
vt 0.969831 0.917969
vt 0.969831 0.943429
s 0
usemtl Material.002
f 6/1/1 1/1/1 2/1/1
f 4/1/2 2/1/2 1/1/2
f 4/1/2 1/1/2 3/1/2
f 5/1/3 3/1/3 1/1/3
f 6/1/1 5/1/1 1/1/1
f 4/1/4 6/1/4 2/1/4
f 7/1/5 5/1/5 6/1/5
f 7/1/5 6/1/5 8/1/5
f 4/1/4 8/1/4 6/1/4
f 7/1/6 8/1/6 4/1/6
f 5/1/3 7/1/3 3/1/3
f 7/1/6 4/1/6 3/1/6
f 10/2/7 14/3/7 12/4/7 9/5/7
f 9/6/8 11/7/8 16/8/8 10/9/8
f 12/4/9 13/10/9 11/11/9 9/12/9
f 14/3/10 15/13/10 13/10/10 12/4/10
f 10/14/11 16/15/11 15/16/11 14/17/11
f 15/13/12 16/18/12 11/19/12 13/10/12
f 22/1/13 18/1/13 17/1/13
f 18/1/14 21/1/14 17/1/14
f 20/1/15 19/1/15 17/1/15
f 22/1/13 17/1/13 19/1/13
f 20/1/15 17/1/15 21/1/15
f 23/1/16 18/1/16 22/1/16
f 23/1/16 22/1/16 24/1/16
f 24/1/17 22/1/17 19/1/17
f 23/1/18 24/1/18 20/1/18
f 24/1/17 19/1/17 20/1/17
f 18/1/14 23/1/14 21/1/14
f 23/1/18 20/1/18 21/1/18
f 28/1/19 26/1/19 25/1/19
f 25/1/10 26/1/10 29/1/10
f 25/1/10 29/1/10 27/1/10
f 28/1/11 25/1/11 27/1/11
f 26/1/9 30/1/9 29/1/9
f 27/1/7 29/1/7 30/1/7
f 26/1/9 31/1/9 30/1/9
f 31/1/20 32/1/20 30/1/20
f 27/1/7 30/1/7 32/1/7
f 28/1/11 27/1/11 32/1/11
f 31/1/20 28/1/20 32/1/20
f 28/1/19 31/1/19 26/1/19
f 34/1/21 37/1/21 33/1/21
f 34/1/21 33/1/21 35/1/21
f 36/1/22 35/1/22 33/1/22
f 38/1/23 36/1/23 33/1/23
f 38/1/23 33/1/23 37/1/23
f 34/1/24 38/1/24 37/1/24
f 39/1/25 36/1/25 38/1/25
f 39/1/25 38/1/25 40/1/25
f 34/1/24 40/1/24 38/1/24
f 39/1/26 40/1/26 34/1/26
f 36/1/22 39/1/22 35/1/22
f 39/1/26 34/1/26 35/1/26
f 46/1/27 41/1/27 42/1/27
f 43/1/28 42/1/28 41/1/28
f 43/1/28 41/1/28 45/1/28
f 44/1/29 45/1/29 41/1/29
f 46/1/27 44/1/27 41/1/27
f 48/1/30 46/1/30 42/1/30
f 47/1/31 44/1/31 46/1/31
f 47/1/31 46/1/31 48/1/31
f 48/1/30 42/1/30 43/1/30
f 47/1/32 48/1/32 43/1/32
f 44/1/29 47/1/29 45/1/29
f 47/1/32 43/1/32 45/1/32
f 50/2/33 53/3/33 52/4/33 49/5/33
f 49/6/20 51/7/20 56/8/20 50/9/20
f 52/4/9 54/10/9 51/11/9 49/12/9
f 53/3/34 55/13/34 54/10/34 52/4/34
f 55/13/19 56/18/19 51/19/19 54/10/19
f 50/14/11 56/15/11 55/16/11 53/17/11
f 58/2/35 61/3/35 60/4/35 57/5/35
f 57/6/36 59/7/36 64/8/36 58/9/36
f 60/4/9 62/10/9 59/11/9 57/12/9
f 61/3/37 63/13/37 62/10/37 60/4/37
f 63/13/38 64/18/38 59/19/38 62/10/38
f 58/14/11 64/15/11 63/16/11 61/17/11
